RG      potterne1_      1       8645647 40865507        32219861        17206   89.2
RG      potterne1_      1       41902842        45358848        3456007 2071    87.3
RG      potterne1_      1       67076722        67580831        504110  236     78.0
RG      potterne1_      1       69642395        70160137        517743  293     75.2
RG      potterne1_      1       80173266        84605841        4432576 2276    85.3
RG      potterne1_      1       85026027        85997852        971826  390     76.2
RG      potterne1_      1       103531851       104097823       565973  212     78.0
RG      potterne1_      1       119559195       121020051       1460857 486     71.0
RG      potterne1_      2       8375    11264879        11256505        6051    87.4
RG      potterne1_      2       37295959        75552588        38256630        22027   88.8
RG      potterne1_      2       103033318       133013428       29980111        22990   91.0
RG      potterne1_      2       133014048       136469487       3455440 2574    91.3
RG      potterne1_      3       19482034        20107771        625738  346     73.9
RG      potterne1_      4       30203017        30843985        640969  393     76.3
RG      potterne1_      4       72229013        77165716        4936704 2955    87.6
RG      potterne1_      4       80391125        80923619        532495  259     74.0
RG      potterne1_      4       87793389        88325319        531931  326     78.2
RG      potterne1_      4       97726218        98326588        600371  360     72.3
RG      potterne1_      4       100496221       120717111       20220891        16562   91.7
RG      potterne1_      5       58559388        59120734        561347  249     73.1
RG      potterne1_      6       381857  994692  612836  243     78.3
RG      potterne1_      6       83699749        84241838        542090  344     81.5
RG      potterne1_      7       15647005        91998181        76351177        44874   88.7
RG      potterne1_      8       42808152        43364334        556183  322     78.4
RG      potterne1_      8       74079087        75394218        1315132 686     84.4
RG      potterne1_      8       83475809        84108370        632562  375     77.8
RG      potterne1_      8       105215740       112661630       7445891 5811    90.5
RG      potterne1_      9       33259046        39890945        6631900 3276    86.9
RG      potterne1_      9       63187502        63756637        569136  294     77.6
RG      potterne1_      9       90426154        91562676        1136523 550     84.6
